27 75 1
1 2 13
2 1 13
1 3 31
3 1 31
1 4 27
4 1 27
2 4 27
4 5 18
1 6 27
6 1 27
3 6 27
1 7 23
7 1 23
5 1 23
2 8 21
8 1 21
1 8 21
7 9 21
6 10 14
10 1 14
1 10 14
10 11 18
11 1 18
8 11 18
1 12 15
12 1 15
5 12 15
11 13 15
13 1 15
8 13 15
1 14 31
14 1 31
10 15 37
1 16 23
16 1 23
15 16 23
1 17 47
17 1 47
1 18 63
18 19 63
3 20 15
20 1 15
1 20 15
12 21 47
6 22 27
16 23 14
23 1 14
7 23 14
1 24 94
20 25 23
3 26 15
26 1 15
14 26 15
17 27 37
27 1 197
27 2 193
27 3 195
27 4 198
27 5 194
27 6 198
27 7 193
27 8 192
27 9 196
27 10 199
27 11 198
27 12 196
27 13 200
27 14 194
27 15 193
27 16 200
27 17 193
27 18 194
27 19 200
27 20 198
27 21 200
